0:
.##
##.
###

1:
#.#
#.#
###

2:
##.
.##
..#

3:
..#
.##
###

4:
###
.##
.##

5:
###
.#.
###

50x39: 42 56 53 50 49 51
45x44: 57 56 56 48 41 48
36x36: 36 29 36 30 34 35
36x48: 44 45 50 45 40 44
36x43: 45 46 30 48 28 40
45x50: 46 55 59 60 62 65
45x50: 44 39 39 41 36 41
36x38: 33 42 32 35 38 30
43x37: 38 39 47 43 36 44
48x43: 49 49 47 59 57 56
50x35: 34 48 49 48 44 48
42x49: 46 61 41 57 65 44
49x49: 54 55 63 68 67 64
49x38: 29 31 31 30 32 39
39x50: 33 32 41 29 39 34
47x36: 32 23 33 33 29 30
42x35: 44 38 34 34 39 36
43x39: 42 53 41 45 42 35
43x50: 46 30 32 35 33 48
44x41: 28 35 42 21 30 25
45x44: 26 31 47 35 31 39
49x41: 63 50 49 39 48 58
50x48: 33 47 53 39 42 41
42x35: 20 26 30 30 23 24
50x38: 39 35 24 31 40 22
48x49: 48 49 27 39 42 50
45x49: 53 55 64 58 56 56
50x42: 44 39 37 35 39 29
47x46: 37 40 42 42 28 36
47x49: 61 61 59 56 57 60
50x44: 57 54 62 55 52 60
47x50: 37 38 34 46 32 53
41x35: 22 26 27 19 26 23
38x50: 30 34 30 27 37 34
43x38: 29 24 19 24 37 35
46x43: 53 52 41 51 51 54
44x49: 55 62 55 49 56 54
42x38: 37 46 35 53 41 34
39x45: 33 45 23 35 25 33
37x42: 23 21 17 32 34 40
42x41: 36 24 26 31 24 40
37x41: 43 39 41 37 31 43
47x48: 37 48 32 50 29 43
41x45: 47 45 51 45 43 54
49x41: 28 34 37 34 34 40
49x47: 47 36 40 29 42 46
40x45: 33 36 30 31 27 38
40x49: 47 53 51 42 55 53
50x35: 32 29 29 27 34 24
49x48: 39 42 47 36 54 38
45x47: 33 40 32 40 40 40
35x38: 31 22 23 18 16 21
48x47: 57 59 41 62 57 67
35x49: 40 46 45 42 55 36
40x50: 50 51 55 57 47 50
38x46: 33 24 31 35 35 21
45x49: 38 38 36 40 43 44
44x39: 28 27 31 29 33 34
38x46: 38 51 37 37 50 53
38x45: 49 38 43 37 45 50
42x47: 45 45 60 40 46 69
37x43: 41 41 42 37 40 44
45x37: 23 43 20 31 30 32
47x36: 27 33 33 35 24 27
47x49: 42 47 44 39 31 36
45x35: 27 24 29 26 37 22
44x44: 52 50 60 57 42 41
40x43: 48 45 47 52 37 38
40x46: 37 46 39 53 41 66
49x44: 32 38 42 38 42 32
43x36: 31 34 24 24 24 30
44x41: 25 39 23 34 30 30
46x41: 50 46 47 41 62 43
47x38: 41 45 57 45 44 46
38x42: 36 46 47 38 45 35
49x44: 39 37 44 37 38 28
49x45: 52 30 42 43 32 41
49x35: 28 37 31 22 34 23
46x36: 28 28 38 30 27 29
38x41: 23 23 18 30 34 27
47x47: 57 58 57 48 53 66
48x35: 43 42 52 41 37 46
37x43: 45 39 46 31 48 36
41x45: 50 46 48 39 59 41
47x50: 62 52 51 52 62 79
47x41: 50 40 55 41 60 51
45x46: 50 62 61 46 53 48
39x49: 44 46 40 51 52 59
46x35: 30 33 34 25 23 20
47x48: 56 56 54 55 58 67
41x41: 21 21 40 33 25 29
35x50: 29 37 29 26 22 32
44x41: 30 34 38 27 25 27
42x48: 54 46 50 58 51 52
48x44: 37 42 34 37 33 41
35x40: 40 39 26 37 32 39
45x41: 50 45 42 51 39 56
49x43: 42 36 33 36 42 34
47x39: 43 52 39 47 46 53
49x44: 60 54 57 58 55 49
45x42: 46 45 57 53 44 49
46x39: 41 41 49 53 44 50
35x49: 33 32 18 31 34 28
45x37: 41 33 51 38 48 47
42x42: 40 49 53 53 36 44
36x46: 29 35 33 21 31 31
40x39: 36 34 44 50 40 39
35x48: 46 45 39 31 42 53
42x43: 59 47 44 37 53 36
37x48: 31 37 41 31 25 26
44x49: 38 40 40 31 38 37
49x50: 54 71 59 63 66 63
49x50: 51 40 38 45 43 39
44x42: 29 30 36 35 32 34
37x35: 33 34 40 30 31 33
43x45: 50 56 44 47 50 49
38x50: 26 28 33 32 38 34
44x44: 45 56 57 54 44 45
45x44: 45 35 33 38 31 28
50x38: 37 37 24 27 32 34
38x35: 22 30 18 14 20 28
41x39: 37 35 50 41 50 36
41x42: 26 38 29 31 29 29
42x43: 27 34 31 35 40 28
36x37: 31 29 33 28 41 42
40x46: 34 23 39 33 37 29
35x38: 28 42 40 24 39 32
49x36: 31 32 42 33 24 30
49x43: 38 43 31 32 39 41
49x41: 34 38 36 35 28 37
45x36: 42 40 39 37 44 46
39x42: 35 43 41 48 40 46
42x39: 22 36 26 35 28 34
43x46: 56 49 42 51 54 50
41x44: 56 43 41 44 50 42
41x46: 46 53 65 41 56 33
46x43: 33 33 29 35 46 34
47x47: 68 56 60 55 40 62
50x45: 35 38 27 44 53 42
49x48: 62 65 56 62 65 51
50x46: 52 34 42 42 32 37
40x50: 52 49 53 49 48 57
50x40: 37 23 29 43 37 38
43x40: 44 41 44 58 40 40
36x42: 31 42 44 37 37 43
44x36: 30 30 31 29 28 19
50x45: 35 48 35 34 44 43
37x44: 25 29 29 31 25 28
38x40: 29 24 24 28 35 15
48x41: 56 47 47 49 50 53
44x39: 24 32 25 27 40 34
41x41: 39 22 32 21 33 21
40x43: 32 26 34 23 32 35
39x44: 29 28 25 31 40 29
42x40: 37 49 37 43 36 55
35x49: 24 45 27 34 29 17
49x46: 52 43 33 38 43 31
45x37: 39 41 31 48 49 46
37x45: 24 23 35 32 35 30
44x41: 29 29 35 25 30 34
49x37: 43 44 47 50 51 45
41x45: 44 47 43 42 61 45
50x36: 34 33 27 27 34 37
43x36: 42 46 46 31 36 38
48x46: 33 41 49 37 45 34
46x48: 46 43 41 39 39 32
37x40: 29 24 26 28 25 24
35x37: 29 23 17 25 15 22
45x43: 34 38 34 42 31 31
46x35: 26 19 32 35 25 27
38x49: 45 47 59 48 47 44
37x37: 29 28 20 20 19 27
40x37: 41 46 32 28 36 42
46x41: 33 29 29 37 26 40
41x46: 55 32 38 58 54 52
48x45: 64 59 60 55 49 47
48x36: 42 40 47 51 44 44
37x42: 26 22 35 26 32 26
41x39: 48 39 45 38 33 44
38x46: 34 29 26 26 31 33
46x50: 63 52 55 66 60 58
35x45: 29 28 25 30 20 32
49x49: 45 42 46 40 44 38
49x47: 42 39 44 53 30 31
36x50: 48 52 48 49 35 46
45x43: 34 39 32 30 37 38
43x41: 46 53 43 38 45 45
43x36: 35 47 60 38 32 32
42x44: 34 29 38 36 29 29
46x35: 29 24 24 23 24 41
41x45: 29 38 31 33 34 30
38x42: 42 45 38 33 47 39
40x42: 44 43 44 42 43 43
36x49: 44 52 46 40 43 46
38x43: 32 59 45 39 39 38
50x45: 33 51 38 38 35 44
43x38: 37 40 47 40 48 41
40x50: 37 33 34 42 36 26
42x35: 37 39 29 39 48 32
49x41: 53 45 55 43 54 59
35x44: 22 32 21 29 23 26
46x49: 54 76 45 62 49 58
36x45: 22 34 26 29 31 37
40x43: 51 46 53 35 44 37
46x45: 41 61 50 47 53 65
47x42: 61 51 46 54 44 47
43x45: 34 32 37 35 33 38
45x35: 36 27 24 25 25 27
35x44: 42 36 38 33 38 49
49x47: 67 54 64 51 58 61
43x36: 28 26 27 30 32 25
35x46: 25 29 29 28 30 24
49x45: 43 60 59 54 65 59
41x47: 31 32 35 28 35 34
47x46: 48 35 42 34 33 33
42x46: 26 40 37 28 45 34
43x39: 44 46 48 31 41 48
37x42: 47 41 33 24 50 40
35x43: 24 22 36 30 20 22
48x38: 25 34 39 30 37 26
38x36: 38 34 34 40 34 31
36x38: 33 48 40 34 28 29
41x48: 52 37 49 54 57 54
47x48: 29 34 49 53 37 37
35x36: 16 19 22 26 23 26
38x44: 27 27 29 41 18 26
41x46: 32 33 37 27 35 31
44x49: 37 33 40 48 33 32
43x47: 49 55 48 51 43 64
46x40: 29 35 29 31 35 36
47x43: 53 53 36 62 49 55
38x50: 32 30 35 40 32 23
43x50: 61 58 53 59 49 51
45x42: 40 36 30 36 31 36
48x43: 47 38 34 29 34 41
47x38: 22 19 27 43 36 33
49x39: 34 44 30 32 30 37
44x50: 53 51 45 68 67 53
37x35: 20 28 22 25 16 21
39x40: 24 31 26 34 26 27
50x49: 41 46 35 42 42 50
46x43: 53 48 55 44 57 48
47x41: 29 23 31 37 38 37
44x49: 60 57 64 51 56 46
50x49: 61 79 50 51 62 69
50x49: 50 45 41 37 35 47
45x40: 34 43 26 32 29 31
42x36: 43 39 35 46 36 34
43x37: 30 17 34 29 25 32
39x39: 27 25 28 31 24 34
45x50: 45 46 39 39 36 34
38x48: 33 29 28 37 29 35
39x43: 30 30 32 34 31 25
45x38: 23 27 27 35 35 33
35x39: 30 38 34 34 36 38
40x49: 51 49 57 38 59 48
43x43: 40 47 45 41 52 58
46x46: 50 55 49 65 47 60
44x40: 48 40 40 56 37 50
36x42: 26 28 32 24 28 30
44x35: 43 36 43 45 34 38
40x40: 27 36 18 31 23 33
37x50: 48 48 53 36 49 51
36x36: 24 20 28 15 25 31
47x48: 60 51 61 57 60 59
50x43: 24 44 34 38 49 35
46x49: 68 55 57 58 58 51
40x49: 48 43 61 52 47 54
49x42: 37 42 30 29 42 44
37x37: 35 36 27 38 39 34
42x35: 43 38 36 38 34 37
43x37: 26 31 28 29 33 20
47x41: 52 52 39 36 57 56
41x37: 49 32 38 30 40 43
39x40: 33 33 29 29 21 23
40x50: 39 32 29 31 35 42
49x50: 56 51 69 64 64 75
41x40: 45 43 35 45 40 43
48x36: 32 30 30 34 31 34
44x39: 31 35 36 33 24 23
35x43: 36 40 45 42 38 33
38x48: 36 41 31 30 27 27
37x36: 26 25 22 23 18 30
45x50: 39 33 45 42 35 46
45x37: 31 33 23 27 34 31
45x45: 64 51 52 39 49 55
40x47: 26 31 28 46 38 26
36x40: 30 41 35 36 34 45
37x39: 35 42 37 41 37 31
36x45: 45 45 43 35 42 39
49x50: 43 42 42 33 47 49
50x40: 57 54 68 47 44 42
41x45: 51 44 53 48 48 42
43x39: 47 45 38 38 45 43
35x36: 24 20 23 14 26 24
38x49: 51 46 45 54 40 51
50x47: 59 71 58 59 72 42
41x37: 42 35 42 27 39 48
38x36: 19 26 20 30 21 27
43x47: 34 36 42 35 28 34
45x39: 35 39 33 27 28 33
37x50: 45 43 45 47 53 51
46x41: 50 43 49 52 41 56
47x36: 34 32 24 30 29 31
37x35: 33 33 40 38 34 24
36x43: 41 41 45 40 42 31
37x44: 46 45 40 39 36 44
50x42: 51 62 46 47 56 58
50x46: 61 55 51 53 65 66
43x36: 28 30 32 33 23 22
46x40: 24 30 34 34 41 31
39x37: 37 21 17 20 29 32
41x43: 37 60 45 49 44 37
44x35: 39 30 38 41 43 46
47x50: 60 66 60 56 50 69
50x44: 63 59 45 60 49 60
39x45: 35 39 46 42 50 58
35x50: 20 23 32 37 30 33
47x36: 26 30 25 30 37 32
38x43: 27 29 26 24 37 24
41x41: 33 29 15 26 31 35
45x42: 42 44 55 55 49 49
47x35: 49 37 48 43 40 38
45x45: 57 50 50 44 57 52
44x44: 45 55 49 50 53 46
43x43: 48 55 41 48 44 47
39x50: 57 48 42 49 48 54
40x39: 35 44 40 37 43 41
35x50: 34 52 59 54 34 42
35x35: 23 19 18 19 23 19
42x47: 32 33 32 38 35 39
38x49: 31 35 37 25 33 30
45x50: 57 56 52 59 59 62
44x36: 27 26 25 40 29 20
38x38: 46 38 34 39 31 34
37x45: 37 44 44 36 47 48
49x50: 37 49 45 45 33 47
36x43: 42 43 39 32 39 42
45x44: 40 31 34 41 25 38
46x37: 40 34 44 49 47 49
40x43: 42 38 46 47 41 52
42x37: 18 27 41 25 31 25
36x47: 27 31 27 30 42 22
48x45: 66 53 52 58 47 56
35x50: 29 30 21 32 32 32
44x44: 26 21 46 35 36 31
39x50: 22 40 32 50 30 33
37x47: 30 36 25 24 34 31
41x46: 45 34 21 35 24 35
45x36: 41 45 38 38 50 36
40x47: 41 32 28 33 32 29
35x49: 22 29 23 36 36 29
38x46: 51 43 39 42 46 46
50x48: 40 44 44 32 44 52
49x38: 29 29 32 43 36 23
42x45: 53 38 43 60 46 51
50x35: 54 37 30 37 52 54
42x37: 48 44 31 40 34 40
47x42: 48 55 56 60 48 40
44x44: 54 37 45 52 61 48
46x47: 57 58 61 51 50 57
41x43: 47 53 43 45 46 37
49x43: 54 56 40 59 63 49
35x37: 31 25 32 39 38 35
38x41: 27 22 17 35 28 26
43x50: 59 56 46 60 56 52
36x36: 28 17 25 26 21 26
48x39: 30 33 37 37 33 37
49x38: 34 29 29 35 31 33
35x38: 42 34 30 37 34 27
45x47: 58 55 50 57 42 63
47x44: 48 60 46 37 59 64
40x41: 40 42 33 50 46 40
46x37: 24 34 31 37 28 25
47x50: 36 35 50 30 36 52
37x38: 25 21 24 22 26 26
47x44: 53 49 65 55 52 48
41x49: 41 30 40 33 35 28
41x41: 53 52 40 36 36 40
35x49: 45 44 42 40 43 49
49x35: 52 52 46 46 39 30
47x46: 45 36 45 34 33 31
42x47: 50 53 46 59 40 56
35x45: 25 29 34 25 23 29
50x38: 35 35 24 34 32 31
44x45: 54 46 53 55 45 53
37x46: 42 39 41 40 40 59
37x39: 34 26 23 28 20 24
45x45: 39 28 57 32 36 32
41x44: 27 30 26 32 33 34
35x38: 13 25 25 26 26 17
40x43: 37 43 44 51 50 41
40x42: 27 26 28 24 37 39
42x36: 26 20 32 20 38 32
48x39: 33 39 43 49 64 59
46x47: 47 53 49 55 54 73
47x48: 56 56 54 69 48 65
37x43: 25 32 28 28 27 27
44x40: 57 45 45 51 39 35
44x44: 33 27 27 39 41 29
50x49: 37 47 38 43 46 45
47x48: 62 69 49 66 52 48
40x37: 17 23 30 18 40 28
39x46: 38 29 31 35 35 27
35x47: 20 35 27 23 28 32
37x43: 24 26 27 26 34 31
36x40: 27 41 36 40 45 33
46x46: 56 59 59 60 41 53
43x43: 53 56 39 53 48 34
47x47: 54 61 67 56 57 48
37x47: 32 28 28 31 31 29
44x36: 18 28 35 28 36 22
38x49: 58 47 47 38 50 45
35x46: 30 52 36 39 49 40
40x44: 48 47 51 46 41 40
47x41: 48 55 50 49 43 52
49x47: 34 43 41 47 30 44
41x36: 37 37 37 43 43 31
35x38: 23 22 26 23 21 16
41x40: 28 29 29 26 29 28
36x38: 43 28 36 36 40 28
46x39: 53 40 51 41 45 47
49x38: 53 41 56 46 47 46
43x40: 26 36 36 31 20 33
45x50: 33 44 45 38 36 44
50x42: 48 40 62 57 70 49
46x40: 27 30 35 30 33 39
45x36: 48 43 38 39 45 35
43x45: 48 50 51 46 56 47
35x37: 23 29 22 23 18 16
36x49: 20 35 33 36 33 34
48x42: 32 42 41 44 33 31
37x38: 24 20 25 30 20 24
49x40: 47 48 40 64 52 50
48x43: 40 35 35 31 44 38
45x45: 45 41 42 27 44 26
36x36: 21 21 26 19 25 31
36x42: 38 28 38 40 49 40
50x46: 32 50 37 38 30 53
38x42: 30 30 29 30 20 29
43x36: 25 28 26 35 29 25
38x38: 41 36 36 28 43 37
49x39: 47 55 43 30 52 63
35x43: 37 41 41 36 41 36
38x39: 32 52 30 44 39 30
42x36: 45 45 42 32 39 30
44x44: 45 71 43 41 43 52
41x43: 35 30 31 24 33 29
46x46: 57 55 68 50 53 46
45x37: 47 43 41 44 40 41
45x37: 37 40 38 50 45 46
44x44: 53 54 69 46 41 40
44x48: 61 54 57 61 47 47
38x42: 46 38 33 43 43 41
40x46: 52 43 44 58 52 35
49x44: 38 40 32 35 43 35
44x48: 51 52 48 50 62 60
44x39: 40 51 41 49 39 44
40x37: 48 39 35 38 31 36
43x47: 55 46 53 48 48 61
48x50: 63 66 63 63 53 62
38x42: 33 35 52 47 42 41
49x37: 46 35 54 58 42 48
43x43: 29 31 38 31 35 32
48x44: 53 48 45 50 60 66
43x47: 58 49 52 43 63 45
50x42: 35 31 30 40 46 42
48x49: 66 68 63 53 61 51
46x49: 56 50 54 66 58 63
40x37: 16 22 28 30 35 24
39x35: 38 39 41 35 29 30
46x36: 33 29 34 19 32 32
47x43: 32 32 30 48 30 38
47x35: 24 20 31 28 31 31
50x50: 67 63 64 71 69 52
44x44: 52 47 56 51 49 45
36x42: 45 48 35 39 26 39
40x39: 24 29 31 30 27 27
44x48: 44 26 32 44 38 39
40x40: 35 41 43 48 39 42
46x48: 54 63 53 44 53 70
47x39: 43 48 56 47 45 46
36x46: 41 48 45 43 40 39
42x43: 43 31 25 25 40 31
37x41: 42 42 31 43 40 34
37x46: 33 21 27 32 35 32
36x39: 30 36 37 38 38 38
38x39: 25 24 23 25 28 31
50x50: 49 44 38 31 41 53
49x37: 29 33 29 39 31 30
50x41: 36 38 34 34 31 34
39x44: 25 31 29 32 25 39
37x35: 26 29 39 39 38 31
47x43: 57 53 48 38 55 57
40x38: 36 30 30 49 36 52
42x48: 46 39 32 28 44 34
35x44: 38 46 41 35 43 34
40x37: 23 27 29 32 22 23
38x41: 32 47 31 36 37 54
50x39: 56 32 44 52 59 56
36x47: 41 45 46 47 44 39
44x35: 24 31 21 20 24 34
48x39: 58 47 63 38 47 38
44x40: 56 43 42 43 38 48
39x41: 50 50 31 37 37 38
39x37: 39 35 36 38 41 33
39x46: 49 48 44 41 40 53
35x47: 46 40 39 39 43 45
49x47: 34 40 42 56 35 33
46x43: 49 54 33 48 57 58
41x36: 28 30 18 21 34 24
35x38: 19 19 21 23 23 27
47x49: 70 48 53 75 56 53
47x50: 64 59 58 58 68 54
43x36: 40 33 40 36 48 41
46x35: 37 41 42 41 40 47
35x36: 28 21 26 18 23 16
41x35: 26 29 18 28 19 22
36x50: 58 52 30 57 39 38
40x46: 41 45 47 58 35 59
38x40: 42 37 29 43 47 34
45x44: 56 46 47 44 51 59
41x35: 35 35 35 41 42 33
40x48: 48 49 54 50 49 47
43x38: 40 42 42 38 50 39
50x35: 33 29 28 24 34 27
43x44: 44 43 51 54 51 50
44x43: 44 52 45 54 50 46
42x37: 48 31 45 40 35 42
39x42: 34 27 27 34 27 33
42x45: 38 40 32 32 33 35
46x44: 54 47 52 62 40 58
43x44: 57 49 41 46 47 49
37x35: 30 27 34 36 37 36
39x38: 34 40 41 43 29 43
36x46: 31 26 38 34 29 21
43x44: 52 48 49 46 46 50
40x46: 48 35 46 47 50 57
43x35: 38 33 41 43 36 42
39x43: 31 31 30 35 24 31
40x49: 26 34 38 38 39 32
46x36: 28 33 30 35 23 30
46x39: 42 30 31 32 27 33
50x36: 49 43 49 46 50 41
37x36: 26 15 25 23 30 24
48x38: 45 49 44 40 49 52
45x42: 67 45 42 46 40 49
36x43: 15 25 25 29 33 40
37x40: 39 34 34 38 44 38
49x42: 37 39 35 34 46 33
50x44: 36 37 35 41 39 35
42x38: 18 24 34 31 26 35
49x41: 56 53 42 53 42 61
46x47: 37 42 36 34 42 34
38x48: 43 50 41 39 54 51
40x43: 39 45 34 50 50 45
45x37: 41 40 46 46 37 48
45x50: 46 50 40 42 36 25
36x49: 36 32 17 31 41 34
48x41: 63 37 47 51 54 50
47x41: 57 56 45 40 54 42
48x35: 51 39 42 48 38 41
39x47: 37 32 42 28 26 30
49x36: 34 25 34 30 39 30
39x43: 36 27 34 30 22 33
47x36: 26 29 32 36 30 26
37x50: 52 43 42 65 40 44
48x50: 46 45 37 40 53 35
39x40: 31 20 29 33 23 33
47x42: 45 50 56 46 59 49
44x48: 30 39 45 35 33 41
44x38: 27 20 25 32 32 31
41x41: 45 35 48 42 40 50
44x38: 31 33 26 22 28 27
37x39: 44 31 30 35 40 40
41x48: 42 48 55 55 40 65
40x43: 54 43 36 46 43 41
40x41: 38 51 49 37 41 38
49x38: 26 36 32 31 34 33
39x40: 23 36 27 33 21 28
38x39: 38 35 33 38 47 36
35x43: 41 50 45 28 40 28
40x46: 49 35 50 45 55 50
38x50: 40 55 44 48 54 50
36x41: 20 34 21 27 25 29
37x48: 51 39 27 50 50 52
40x45: 23 34 34 37 37 29
35x44: 46 35 41 41 40 35
43x35: 38 35 38 55 30 38
44x39: 39 34 32 30 19 28
39x45: 35 39 29 32 26 33
37x37: 26 43 25 49 27 40
38x41: 30 29 21 23 30 23
48x36: 30 43 26 38 25 29
37x38: 29 36 31 42 40 38
40x49: 39 61 52 55 49 47
44x44: 32 31 32 38 30 32
42x50: 52 59 52 55 42 63
37x41: 43 41 35 36 35 42
49x45: 46 51 60 66 58 61
39x43: 31 26 29 33 23 39
48x48: 46 34 48 44 43 41
46x48: 38 34 42 40 41 45
44x44: 44 44 43 49 62 54
40x41: 32 37 45 53 40 48
38x49: 45 45 40 50 58 47
42x43: 40 25 30 34 32 35
37x40: 29 26 23 28 23 27
41x44: 48 51 54 32 50 43
36x43: 36 51 37 36 38 39
39x35: 26 47 39 46 22 33
42x35: 49 34 33 36 38 35
50x36: 52 49 37 49 46 42
48x46: 27 34 47 43 52 36
36x42: 28 19 33 36 36 15
45x36: 46 47 32 35 47 39
36x36: 33 33 28 40 35 30
48x36: 47 48 52 35 50 35
50x42: 35 39 30 34 42 44
40x47: 36 32 34 32 25 35
44x35: 21 28 23 25 24 32
45x46: 51 58 52 58 43 57
38x39: 19 21 30 26 32 28
41x44: 27 28 32 27 35 32
42x46: 17 44 33 31 37 47
37x40: 25 31 24 29 24 23
40x46: 46 50 46 47 53 41
43x38: 40 44 43 42 37 46
46x49: 60 60 58 58 50 61
38x43: 43 44 39 50 38 38
37x47: 56 32 31 45 51 49
41x36: 32 41 39 48 29 40
49x50: 70 55 65 65 59 64
44x38: 51 46 44 44 45 28
50x47: 55 61 72 58 63 56
40x48: 36 33 30 39 36 33
43x41: 42 53 47 39 44 46
45x50: 58 60 52 58 62 55
49x38: 36 31 32 32 32 28
47x42: 29 41 32 31 38 38
39x49: 46 44 48 42 59 54
41x36: 30 39 39 40 41 39
45x35: 26 39 31 19 20 29
41x42: 35 58 30 42 53 43
44x45: 32 37 40 35 44 22
46x42: 40 30 30 43 31 35
44x45: 39 36 30 42 35 28
39x47: 30 30 27 41 35 31
46x50: 41 38 45 50 35 30
48x39: 52 45 55 47 44 47
35x50: 21 38 37 31 30 18
41x39: 29 21 26 28 35 29
45x48: 29 36 35 41 52 47
43x42: 40 55 47 50 46 41
44x41: 46 37 45 49 57 44
45x42: 49 53 41 50 45 51
41x47: 30 36 26 37 40 26
39x48: 39 34 40 35 32 28
50x36: 47 41 43 44 48 53
40x41: 30 22 27 31 27 32
42x49: 31 44 36 38 29 45
44x46: 40 48 47 64 59 54
49x43: 52 46 50 58 55 63
44x38: 32 26 28 36 24 21
37x40: 30 38 43 34 31 53
40x46: 34 51 44 50 46 58
41x44: 46 48 57 41 46 42
45x47: 61 48 51 42 71 50
39x43: 44 37 44 38 49 46
46x42: 44 45 51 43 56 58
42x35: 40 41 45 33 34 35
44x49: 49 63 64 53 46 59
48x42: 53 53 49 53 57 45
36x40: 20 24 28 36 25 23
39x40: 33 26 22 29 30 28
38x48: 40 47 54 39 53 49
41x40: 25 26 31 26 29 31
49x45: 36 42 40 40 45 37
38x46: 34 29 31 29 26 31
42x46: 36 34 27 35 40 38
36x36: 27 19 21 27 22 28
48x43: 53 49 57 53 57 50
45x40: 51 44 42 53 39 48
35x36: 36 34 31 26 34 32
43x35: 26 31 19 21 23 33
41x38: 26 27 27 28 29 19
48x45: 46 55 57 61 59 56
47x39: 34 28 32 24 40 36
49x39: 56 43 39 46 63 44
40x39: 36 21 24 28 27 33
38x44: 49 47 44 31 37 48
42x40: 52 54 43 45 31 34
39x49: 44 39 36 58 60 55
50x37: 36 38 29 30 24 34
44x46: 51 60 45 48 52 53
38x48: 50 24 28 27 37 26
50x36: 41 26 30 32 32 31
50x40: 53 44 57 55 47 54
38x46: 28 32 34 30 27 28
50x49: 38 47 50 44 40 36
49x44: 42 34 33 38 31 45
36x43: 36 31 45 39 45 44
37x46: 40 46 32 45 53 43
46x37: 34 30 28 32 29 26
46x42: 54 48 54 38 59 44
50x49: 56 63 65 65 68 61
42x39: 40 48 41 48 36 40
40x46: 50 51 50 38 46 48
36x47: 48 47 48 44 38 37
47x46: 39 42 29 38 31 45
37x47: 31 22 32 26 36 32
45x37: 51 36 40 45 41 43
41x50: 36 37 38 27 34 36
46x40: 45 45 45 41 46 60
38x46: 20 29 27 33 37 33
44x46: 52 61 51 62 33 54
41x47: 44 53 46 58 46 50
46x45: 33 34 42 44 42 29
50x46: 66 71 58 60 44 55
50x47: 62 76 54 61 55 52
40x42: 50 54 48 35 42 30
39x48: 32 37 37 29 28 45
48x38: 30 32 34 22 40 33
38x36: 37 46 29 29 35 32
40x41: 46 44 40 41 38 43
39x38: 23 29 23 31 30 20
46x46: 65 58 35 58 54 51
41x45: 22 37 35 26 41 34
44x46: 31 46 36 27 36 33
44x46: 27 35 38 42 38 29
47x35: 28 26 27 28 32 24
45x37: 32 25 25 35 29 33
37x35: 29 32 27 34 47 29
42x50: 33 33 43 24 42 49
48x49: 52 44 44 33 46 37
46x41: 33 34 30 34 34 30
43x48: 31 31 41 46 36 38
49x46: 70 59 53 59 48 57
47x37: 44 44 49 38 38 55
48x42: 39 46 39 31 32 36
35x39: 17 30 29 20 15 31
40x48: 41 36 27 30 37 37
46x49: 44 48 39 30 33 46
35x40: 26 21 29 26 23 18
39x37: 35 23 22 25 26 24
44x49: 52 50 44 58 60 65
44x46: 37 40 30 41 35 26
42x48: 34 40 38 36 35 40
36x45: 28 31 32 37 29 23
39x42: 29 33 29 27 43 21
37x37: 23 32 30 14 25 20
38x43: 42 40 42 57 27 46
45x47: 35 42 35 39 44 29
44x39: 42 49 35 53 45 39
42x40: 32 23 20 39 36 32
35x43: 25 24 26 31 29 18
45x40: 37 53 34 54 55 42
46x45: 35 43 48 31 33 35
45x49: 34 32 39 44 47 43
39x44: 57 44 46 31 43 42
49x37: 40 46 54 37 49 54
49x43: 45 43 41 32 32 31
40x40: 25 28 28 32 27 29
46x43: 32 35 37 46 29 30
49x45: 59 47 67 60 56 54
49x38: 29 30 36 32 33 31
39x40: 48 42 41 37 49 23
47x47: 46 29 39 29 45 36
42x37: 42 33 32 40 40 50
37x47: 49 46 36 34 52 47
37x35: 45 34 32 24 29 34
46x43: 31 30 34 27 47 41
42x38: 45 42 37 37 47 36
40x36: 31 37 36 55 34 31
39x37: 40 32 37 34 40 39
44x37: 31 36 27 33 21 20
49x42: 30 32 50 38 44 30
40x46: 59 48 43 54 43 36
48x42: 42 42 27 37 44 32
35x48: 32 48 45 49 38 48
35x37: 33 29 36 39 26 38
42x48: 51 48 54 50 53 55
42x46: 50 61 53 40 46 47
45x37: 31 34 32 33 20 30
50x41: 32 37 47 27 30 35
44x48: 54 60 59 44 57 51
49x40: 48 62 42 41 50 55
48x46: 59 54 68 54 46 62
46x37: 45 45 42 45 40 45
45x44: 51 45 53 48 53 55
36x37: 23 24 27 21 29 20
46x47: 38 37 49 37 37 27
37x45: 33 47 45 41 54 37
50x37: 48 51 53 52 38 45
48x40: 52 54 36 44 58 47
36x44: 30 29 26 32 25 26
36x38: 21 25 24 23 21 29
48x39: 37 42 23 27 35 43
35x42: 45 49 44 28 35 26
35x37: 15 24 26 20 26 21
36x41: 23 20 23 25 30 34
49x44: 40 33 40 35 36 39
36x39: 30 21 19 27 26 32
44x37: 28 32 20 25 28 34
35x38: 27 21 21 23 24 16
35x45: 39 40 39 40 45 39
36x45: 35 23 32 28 32 30
44x41: 52 54 34 51 44 40
38x36: 38 39 42 29 30 34
46x45: 70 50 45 50 59 42
50x35: 46 55 44 43 42 39
43x39: 49 42 48 37 38 45
47x39: 25 33 47 29 32 28
37x45: 46 42 40 45 40 43
46x42: 37 34 36 27 29 46
39x38: 39 42 38 28 39 41
48x42: 63 46 52 56 53 41
49x44: 49 38 42 23 32 40
38x42: 23 30 33 27 25 30
46x41: 42 49 50 55 48 48
49x46: 63 55 61 66 48 56
43x43: 50 47 45 46 50 46
46x41: 56 41 50 50 47 47
40x42: 32 35 33 32 20 30
43x49: 43 25 31 39 44 42
47x43: 53 58 40 54 46 57
40x49: 45 58 44 50 57 46
50x48: 65 55 45 70 64 67
36x43: 36 43 38 41 34 46
40x38: 30 36 53 44 31 45
47x35: 39 40 41 49 43 42
39x38: 30 33 38 36 42 49
45x44: 34 40 29 35 35 37
41x50: 54 56 48 50 54 52
36x35: 29 34 34 27 35 35
50x42: 39 32 37 33 47 36
49x41: 58 48 54 45 45 59
41x35: 30 17 21 25 25 24
46x37: 46 42 43 37 41 52
44x36: 25 28 30 30 25 30
36x48: 35 49 43 46 46 47
39x36: 23 27 27 21 28 30
36x38: 36 33 33 40 31 38
42x40: 27 56 54 36 54 34
42x49: 52 51 55 48 51 60
48x35: 28 39 28 22 25 33
42x47: 31 50 38 23 29 39
39x44: 30 30 25 24 36 36
35x47: 31 28 25 24 33 23
35x47: 50 44 41 42 39 37
37x44: 40 36 38 29 52 53
46x44: 52 54 42 54 56 51
35x37: 34 31 25 40 34 34
46x48: 54 54 63 57 55 59
48x46: 56 68 60 71 39 49
50x50: 40 35 48 47 40 46
44x48: 43 41 27 46 31 36
44x45: 51 56 52 57 51 39
40x48: 35 34 32 32 38 36
44x36: 47 43 30 41 35 45
37x48: 47 46 52 56 29 47
38x39: 35 30 15 25 27 23
39x48: 39 26 38 41 41 22
45x36: 31 33 32 30 26 27
41x43: 30 28 34 35 22 32
43x50: 33 40 44 38 28 40
44x50: 44 39 24 34 38 45
48x48: 56 66 49 61 52 68
39x41: 40 42 39 43 46 36
44x36: 16 31 30 34 33 23
50x39: 60 52 48 46 44 49
40x40: 29 34 47 47 45 47
37x46: 33 31 29 28 22 37
37x40: 44 41 36 35 41 30
36x38: 31 34 33 35 38 39
39x40: 34 22 27 36 24 25
47x39: 34 42 51 38 52 65
38x41: 42 42 42 42 32 41
43x48: 56 61 57 46 52 46
48x37: 38 22 28 38 28 38
39x46: 48 42 45 38 45 57
35x42: 14 25 26 23 35 30
42x38: 24 32 34 25 24 29
47x44: 31 31 45 32 36 34
36x42: 36 38 40 36 42 41
41x45: 46 43 40 46 49 58
42x40: 41 45 36 44 43 48
43x37: 33 23 25 29 31 27
37x41: 31 27 11 25 34 27
50x42: 33 31 42 47 37 33
40x49: 34 45 30 42 28 28
38x49: 40 26 23 36 32 35
48x37: 55 45 47 46 41 40
37x44: 44 44 42 50 38 34
38x46: 40 33 28 24 30 24
41x49: 49 50 49 54 55 52
47x35: 45 42 43 38 32 53
48x36: 31 29 39 37 30 26
36x38: 32 39 33 34 32 40
41x44: 30 31 24 29 30 38
48x46: 48 35 42 40 39 35
46x38: 45 49 40 53 54 28
36x39: 29 15 27 27 27 30
36x35: 37 31 30 35 29 32
43x38: 42 45 37 34 34 57
46x47: 46 35 31 39 43 31
46x49: 67 56 46 59 57 59
37x48: 50 42 47 38 40 56
40x35: 41 29 34 35 30 46
41x40: 47 39 46 38 37 46
48x45: 58 54 44 61 58 55
37x40: 24 27 32 27 26 20
37x35: 33 36 28 26 30 44
47x40: 47 50 39 36 55 58
42x43: 57 41 55 49 36 43
38x42: 37 29 23 29 26 23
44x37: 41 35 42 42 54 37
41x44: 47 55 44 32 39 58
39x40: 33 43 46 40 38 42
44x43: 55 41 54 55 41 48
40x37: 46 40 43 34 30 36
47x42: 35 31 34 39 36 35
42x40: 29 36 27 29 26 34
42x44: 29 31 33 44 28 30
46x36: 40 54 47 39 32 44
41x45: 33 41 29 21 34 37
37x40: 29 26 29 28 27 17
41x41: 35 30 18 33 27 25
49x46: 38 47 31 43 43 37
45x43: 57 49 50 50 51 41
41x38: 42 37 48 38 36 41
48x50: 61 69 55 56 61 65
49x38: 62 48 55 36 46 40
45x40: 54 44 47 37 48 46
47x40: 47 51 51 53 37 52
44x46: 31 28 46 31 42 32
35x49: 61 39 46 38 37 43
50x45: 55 66 59 59 45 63
38x44: 28 23 33 21 33 30
37x40: 28 49 39 36 35 41
48x39: 42 33 32 37 33 31
43x37: 45 34 43 42 45 37
37x38: 22 22 18 33 24 25
36x46: 29 41 25 33 26 25
39x48: 37 31 33 33 40 34
39x50: 46 50 57 48 60 41
48x42: 35 35 37 44 40 33
41x43: 41 30 34 22 32 23
38x48: 28 28 32 35 41 28
49x44: 32 41 45 33 31 42
39x47: 26 28 34 22 46 39
49x35: 36 47 49 48 36 50
36x50: 58 54 41 40 35 47
38x41: 27 15 31 25 27 30
49x47: 44 43 33 50 31 38
50x48: 69 68 54 65 59 53
37x36: 33 39 33 28 33 38
42x44: 42 43 56 47 50 49
47x38: 50 37 53 44 52 41
39x41: 25 32 30 25 28 29
48x50: 47 55 61 65 69 73
42x48: 28 43 40 36 40 37
50x50: 71 52 64 66 62 70
46x39: 28 32 37 27 32 38
40x45: 51 40 51 42 59 35
38x49: 52 52 47 51 36 49
42x41: 33 43 56 46 44 47
35x37: 37 31 37 28 31 36
47x41: 57 54 49 44 58 34
50x48: 39 39 41 47 49 40
42x48: 48 62 49 47 52 51
41x49: 40 50 53 59 55 54
39x41: 46 30 46 44 32 50
44x48: 40 38 36 32 44 34
49x49: 66 63 58 64 57 61
43x49: 31 35 35 52 34 36
46x46: 32 28 50 39 28 48
47x36: 30 29 36 28 25 31
43x47: 27 32 43 38 36 34
45x37: 33 27 36 30 17 37
36x48: 25 24 30 40 31 42
42x49: 36 43 40 32 29 43
43x37: 37 47 43 43 40 36
49x36: 42 43 46 46 52 43
37x35: 42 37 32 25 31 31
50x41: 33 33 31 34 46 30
49x44: 35 35 41 33 44 36
43x35: 42 32 44 29 44 41
48x50: 41 50 42 38 43 42
47x38: 35 38 28 25 29 24
35x45: 41 36 29 32 41 59
37x45: 38 43 48 36 52 40
35x41: 40 37 38 41 41 25
36x41: 27 29 29 28 21 21
43x47: 57 55 50 54 51 44
38x42: 25 30 38 19 33 22
35x39: 19 38 36 44 33 42
43x42: 58 45 39 40 40 53
43x42: 51 51 37 42 47 47
40x39: 48 39 42 34 35 42
